310782
1042422
491512
524230
8984
509406
523884
14464
2030558
262022
16760
245744
2029534
376790
127472
59096
511870
1032182
129816
163772
524054
783862
247222
18028
28702
186878
1040278
40688
4160990
261662
1021918
2096638
38832
1015800
77342
498684
155388
124632
245174
514942
309214
33553910
1040286
36742
261872
97132
1011198
48408
776190
231422
247800
17360
155580
74718
257276
1044318
980958
193974
258544
187126
121712
194174
154614
236414
58220
515900
1040118
18544
63760
389086
260382
123756
1042430
261912
518046
254462
63664
129136
654838
93500
260592
519606
255902
74742
130840
122648
523702
159614
1048508
163766
163734
37240
514910
519788
294390
163704
8672
19632
9264
81862
16630
93590
16798
121798
61200
511958
392950
157694
1039486
1031670
327390
1036246
261072
519664
1039454
8388412
96508
193788
1048470
254686
2079710
122608
48528
39288
64352
4161014
392158
258364
121720
33553886
490462
36848
23302
188318
509950
64280
243478
123632
47072
2029566
524278
19936
121776
163574
523390
515198
33526
244988
260540
19328
24080
129504
163614
505566
1040310
37840
524144
75678
29072
78302
188118
2095102
122974
77238
244830
258032
258462
261740
521182
127846
146910
127254
58142
517884
258454
130944
127382
28952
8312
77744
255740
989150
292830
325630
81784
128728
76926
40848
73494
1047518
1963998
974326
79774
187102
516830
36336
622558
121630
93462
257904
155640
255228
194486
1039612
515062
195960
63888
974334
258334
37232
8368
983006
245534
48992
97926
16670
1047804
516854
517846
75750
94054
515952
163550
4194182
151518
255702
247422
48158
128944
123422
778206
982910
518124
149502
989182
194032
48400
130078
245232
30848
475006
519966
15360
515870
77628
255980
162942
36592
129084
123318
524152
73468
388982
236540
252792
121734
159582
311006
35934
260510
1030142
20240
1014878
487134
72566
376798
4194294
1048286
1039222
39280
253840
521950
163068
1036126
507006
1044350
38800
2080758
39134
124896
393196
246750
31750
18912
1039798
374750
155120
97822
193630
155504
63360
63896
1040376
246910
61840
1047990
243486
1043966
1031646
121660
8222
195830
518118
34526
116720
187358
522172
1040316
96760
243606
128920
1040124
374774
155414
63600
490454
118174
96798
258270
155358
523806
2080502
4161022
128620
40880
37278
493534
521980
498558
1044470
127728
520134
31936
30912
127292
122398
507384
260464
249816
255974
39228
515576
516598
127596
391670
98008
8432
116476
128752
786390
507132
1041886
93406
155452
247280
76894
257968
155512
57438
393190
519262
247390
499446
127952
8976
130224
247036
195998
40556
74230
81798
16700
37180
253548
15872
73532
130528
40838
123678
1040240
77552
77676
73654
16888
155128
257776
81776
79846
654814
1011166
784382
63686
8326
127102
116208
2096094
81022
129808
157150
516076
18200
187382
1047678
1015222
18566
96382
130182
64448
46712
523768
491260
38808
19216
255480
1039998
622046
510942
29536
294878
64518
1011702
388990
38672
1048310
196080
515960
36638
118744
59088
262040
151390
1015288
392182
490622
491446
129264
78814
154718
122768
499614
515836
19696
232414
61548
129054
974838
466910
96752
1048158
46704
1033726
36278
38680
16776926
97814
255710
129144
195990
1015280
194040
511966
310238
64272
1039350
148982
123376
147446
74486
1048190
1039966
72574
39782
4192222
786398
39198
4194224
519420
327166
327158
193662
259864
163606
61680
127390
245488
1030110
57782
77598
392918
999420
974846
8388464
233438
486910
260412
63596
260966
392188
260600
159740
157686
491102
1015390
36728
258294
124624
146942
162678
17254
490992
81840
20352
94168
127222
2096606
40856
255614
73712
259614
46790
1032062
61470
521942
64896
327134
37150
94160
494558
196088
1031134
74238
193502
974302
127344
155542
30592
237548
32128
515510
80990
4159454
98032
149494
73630
63510
257644
1048316
128992
16776950
46832
257990
9222
260984
516088
1040368
81904
126744
97008
116728
121622
39888
255926
520176
519958
974814
389110
147190
155574
129200
31768
20416
73720
19486
8214
466942
327670
63968
40720
17950
77052
486878
123500
81438
9152
507500
487390
127420
162686
33246
516080
155550
18492
487158
18310
163644
491230
391678
245612
127198
81724
257566
509430
255472
1032158
78582
620542
991230
14352
259984
81148
93598
38790
261904
1015422
2062334
257852
122800
67070
1023998
14360
34718
524062
73142
29080
127852
46652
258492
622070
255582
523358
131008
146398
123132
376828
254430
254454
162782
130160
151422
75486
33278
46726
491134
34790
2064350
34556
980990
255070
67574
237470
77296
247288
36784
19576
292862
18328
1044446
243614
255992
516028
236382
39356
194142
163696
509438
999294
260318
20248
69590
391902
65408
130288
14528
245240
78334
37308
259992
36092
515568
73502
93470
253720
1021950
194544
516574
28780
39408
145406
257520
258918
654846
254942
327646
81686
93688
97990
31872
96350
2063870
1040094
48944
524272
118252
36720
1039856
69628
259032
8390
57840
77688
60806
79582
36806
326622
243696
260976
81400
622078
186870
1014750
126736
129920
1047646
387070
196560
159702
16752
4159486
243576
155062
294366
257438
130246
148990
519710
128902
81392
9734
126384
247734
8388382
254710
28944
196568
520044
93560
30736
258326
16790
387038
39896
253470
8388472
195806
195870
257528
257822
253848
147166
4192254
39416
519294
490492
257516
515806
130108
159710
311262
490748
24256
123384
981982
999262
127352
1023966
163320
776158
249324
294398
37360
75478
515038
1040158
163580
620510
18454
524016
1032030
34796
9776
253712
196028
48536
257912
163454
517854
260374
507376
259856
57848
245278
1048560
96694
1039230
93430
57596
516022
61312
163312
40478
1047414
79612
73342
243568
1032188
2096630
129984
72798
260472
39190
2095070
490934
16880
522220
38430
155230
245222
520056
260342
1033694
37086
194552
374270
18320
61848
521206
520694
57470
1031902
498526
237302
154750
72956
1047422
154876
97904
515678
511996
1031678
1042398
783870
130070
127262
1015734
505788
73200
196454
311030
475132
128542
151510
123006
392956
157662
72694
1048056
18192
1034206
98272
93680
515998
2062302
243644
46768
982494
10112
392062
19224
1034238
1048566
515324
12032
311286
246878
778238
36344
262032
1044476
97852
16662
491000
464894
499692
97054
520112
126912
63728
115838
252784
18352
33502
48236
2080734
1033718
19516
1036284
69470
78326
523760
376702
23344
520950
1040150
507632
4161502
1034230
262064
1036158
244862
255102
155422
493566
163422
37368
36668
1014910
325598
374238
73622
245356
115964
784374
259974
79574
522214
155262
983030
188396
39318
507422
515166
81334
40728
188126
74462
519672
163254
991198
163832
81694
155382
77420
1048502
77808
48368
1036254
1040188
2080222
97968
48902
2078686
75756
116662
67582
520670
130168
128792
8304
57886
127414
78558
33270
524092
33782
73660
19392
115678
148958
1048478
73592
149470
474974
231390
73584
147422
2063862
154494
77590
127480
243446
73438
37848
154486
61376
127960
67038
258008
519920
391926
127984
19568
24088
195952
46614
130832
255984
1047542
8388374
515068
188156
58096
392926
154590
19590
18462
257150
784350
786270
260502
39326
523516
97264
127228
36716
157174
495582
243516
37142
2097118
118736
491452
69598
122776
249246
37734
507756
259024
65030
37270
17368
520070
19478
18608
1040248
982902
511838
2078718
1039326
81516
35966
982526
129046
38640
16606
1015036
61712
69502
18630
1964030
116318
257118
257900
2080254
1041910
258416
249808
464862
9088
46622
98000
507318
388062
93552
1044438
163742
123888
245616
33758
1015548
509918
78838
60848
783838
81648
18160
116350
115806
74206
81772
72830
36460
63608
310774
258000
130480
519996
59360
33553918
77304
73310
73462
509942
259692
186846
520048
516606
195900
36630
122640
259824
4061150
129158
39158
195862
507678
67550
77766
309246
515710
1039864
162806
34518
31792
257814
18672
4194270
653278
157182
96876
24192
64384
393118
376670
122476
31760
63768
146934
37110
57964
258552
486902
77702
97912
64560
36382
255414
194300
520702
517110
374262
1041918
517086
28912
127070
93628
490590
19654
506974
9600
514934
18552
61208
653310
121840
260016
254966
188390
327414
151548
253680
58352
2080478
155632
243704
261080
128912
257462
524140
127518
1031926
257926
1043934
63548
162910
38508
8252
786302
129222
63518
73208
126848
392030
487414
2080246
67062
515990
16828
245624
2063838
391646
63622
2031582
247792
116216
515830
507888
75516
127774
520926
128784
72670
116150
374782
77680
1048048
243422
515862
522142
310750
145374
128720
30744
79852
62304
65072
258424
4061182
61720
2097142
247548
196076
