5846
16158
2918
16248
8134
1222
1046
32222
12246
7672
5854
1158
15486
2552
32246
7920
15798
10206
9718
5884
3824
2364
16094
12254
15856
12158
32478
15864
3614
15222
15998
7958
2294
65014
12126
15326
3974
3032
8070
7664
1984
15350
4016
2326
6124
16118
15612
2544
1816
1808
4574
15230
2416
3692
2334
6046
2462
15966
1504
16150
7966
3992
63454
1144
1264
1920
1200
5086
3024
16310
16124
8044
7606
16278
8056
7262
16188
7996
16286
3856
8048
560
896
7788
7294
9694
16316
16240
2454
15454
2270
1136
2492
1054
6118
5110
4830
7710
1084
32502
31710
7420
4854
3864
8112
10230
518
3984
64990
4598
2424
30686
